43
44
00000000000000000000000000000000000000000000
00000000000000000000000110000000000000000000
00000000000000000000001100000000000000000000
00000000000000000000000010000000000000000000
00000000000000000000000000000000000000000000
00000000000000000000000000000000000000000000
00000000000000000000000000000000000000000000
00000000000000000000000000000000000000000000
00000000000000000000000000000000000000000000
00000000000000000000000000000001000000000000
00000000000000000000000100000010100000000000
00000000000000000000010110000011000000000000
00000000000000000000010100000000000111000000
00000000000000000000000110000000000000000000
00000000000000000000001100111000000000000000
00000000000000000000110000000100000000000000
00000000000000000000100000001000000000000000
00000000000000000000011111110000000000000000
00011000000000000000000000000000000000000000
00101000000000000000000000000000000000000000
00010000100000000000000000000000000000000000
00000001110000000000000000000000000000000000
00000010010000000000000000000000011000000000
00000001000000000000000000000000010100000000
00001001001000000000000000000000010100000000
00001010001000000000000000000000000000000000
00010000000000000000000000000000011100000000
00011011000000000000000000000000000011000000
00010000010000000000000000000000000000000000
00011000010011000011111000000000100000000000
00001011111011000010010100000000100000000000
00000001000011000001000000000000010010000000
00000001000010000001000000000100001010000000
00000000001100000000111000001010000000000000
00000000000000000000010000001010000000000000
00000000000000000000000000000100000000000000
00000000000000000000000000000000000000000000
00000001010000000000000000000000000000000000
00000000100011000000000000000000000000000000
00000000000001100000000000000000000000000000
00000000000010000000000000000000000000000000
00000000000000000000000000000000000000000000
00000000000000000000000000000000000000000000
