2
35
35
10010111010001011001001010001100011
10100101110100010100011011110110001
11101110010000110010111000000101011
01011011001101101011000111110001001
11000100110111011001110001001101111
01001010101110011100110000101110011
00100101000111100111011110001010001
11000101010100101100001001001010101
10110110001110011011100101001001011
10110100011101001111010001110100011
11000100110011010111001111011010111
11010000101010110101000100110011011
10011110011100010011111001001101101
11011101001110001101110010000101001
00110110011001101001101100111010011
00101100010111000100110000110000111
11011010110001110110110001101111011
11110010011011100001100001010001111
11001100010101100100110011100100101
10011110111011100110111011010011101
11001011011001010100011001110001011
11010101010111101100101010100011011
11110110001101001101001101100001011
11011001110011111010011001010101001
00110110110000100111000100101011101
01001010000101111101110001001110111
11011101110100101111000111011100011
01010101111110010000101110101001011
01010111001110101101011010011110011
01101101010101001101011001001100101
10110110001101101010001001101010101
11101011001011010101101000101110101
10101000101110001111011001011011001
10110100101001010110110011101001111
10110100101001010110110011101001111