2
25
25
0010001000100010011000100
0100010010001100100010010
0010001000100010011000100
0100010010001100100010010
0010001000100010011000100
0100010010001100100010010
0010001000100010011000100
0100010010001100100010010
0010001000100010011000100
0100010010001100100010010
0010001000100010011000100
0100010010001100100010010
0010001000100010011000100
0100010010001100100010010
0010001000100010011000100
0100010010001100100010010
0010001000100010011000100
0100010010001100100010010
0010001000100010011000100
0100010010001100100010010
0010001000100010011000100
0100010010001100100010010
0010001000100010011000100
0100010010001100100010010
0100010010001100100010010
0100010010001100100010010